Centers ROI,Top-Level ROI
Bin Width (nm),0.100
Maximum Distance (nm),10.000
Bin Count,100

Center Ion Count,4070457

Center Ion(s),Cr

Neighbor Ion(s),Si,Cr,Fe,V,Mn,H
Bulk Ion Counts,50077,4070457,7427465,3095,7366,2696
Bulk Concentration (ionic %),0.4331487266498264,35.20804493945069,64.2450028353566,0.026770679333450738,0.06371335184820619,0.023319467361222354
Bulk Density (ions/nm^3),0.12323006127420823,10.016627703816718,18.27759184979206,0.007616211826660432,0.018126338066294264,0.006634348007973029

,Total Counts
Distance (nm),Si,Cr,Fe,V,Mn,H
0.000,2659,280464,365925,158,489,150
0.100,18253,1863146,2470342,1108,2926,959
0.200,48685,4905132,6647673,3085,7687,2561
0.300,93296,9283898,12853896,5770,15156,5043
0.400,153499,14880764,21048148,9271,24166,8327
0.500,226008,21593590,31203377,13739,35646,11914
0.600,312879,29291224,43312777,19035,48677,16571
0.700,411783,37900030,57253138,25218,63762,21925
0.800,522837,47385100,73114036,31969,80045,27759
0.900,645344,57645894,90783219,39471,98605,34227
1.000,782980,68678034,110279394,47640,118590,41179
1.100,929388,80460996,131585979,56374,139815,49334
1.200,1088811,92949248,154608338,66680,163296,57045
1.300,1256418,106236310,179433294,76885,187081,66449
1.400,1439214,120235946,205992335,88083,213184,76434
1.500,1632632,135083510,234280506,99586,240097,86291
1.600,1836729,150698800,264311886,112053,269187,96742
1.700,2048571,167209170,296028628,125518,299825,107788
1.800,2273211,184524356,329501695,139128,332142,120245
1.900,2515413,202817760,364614004,154940,365579,133167
2.000,2765410,221967890,401461100,169768,400029,147000
2.100,3022502,242097222,439946841,185493,439929,160772
2.200,3296796,263202336,480065094,202656,478195,174332
2.300,3578853,285247060,521911373,219309,517765,190255
2.400,3871919,308221914,565328879,237663,560367,205242
2.500,4180767,332235520,610385315,256671,605511,220854
2.600,4495129,357167018,657063950,276081,651357,237709
2.700,4821831,383025194,705253215,295709,696677,253990
2.800,5163138,409786080,755001393,315845,747066,272157
2.900,5512073,437490974,806425101,337570,796904,290891
3.000,5878436,466119290,859300729,358976,849962,309777
3.100,6250712,495601478,913714669,381869,901418,329859
3.200,6628250,525952236,969639647,405279,958785,349050
3.300,7023785,557198302,1026992489,429403,1015737,369357
3.400,7425734,589252530,1085827940,454650,1076250,390714
3.500,7844829,622165750,1146184319,478272,1135675,412051
3.600,8263952,655839076,1207906084,505012,1198701,433862
3.700,8698099,690344512,1271083451,529461,1263541,457568
3.800,9141020,725731878,1335714119,556720,1326450,479503
3.900,9593238,761859100,1401765925,583933,1394348,502955
4.000,10058964,798658406,1469153967,611335,1461812,526117
4.100,10532612,836303668,1537971335,638640,1528271,551200
4.200,11012507,874867802,1608069169,669340,1600605,576029
4.300,11511609,913961984,1679534084,699689,1671107,601092
4.400,12003756,953837194,1752362851,729452,1744685,626396
4.500,12507981,994514750,1826514187,760183,1821881,652806
4.600,13021264,1035796400,1901921032,792359,1893636,679410
4.700,13559420,1077924758,1978741273,824378,1972551,707542
4.800,14092836,1120716896,2056706657,857924,2048659,734851
4.900,14638824,1164288600,2136030951,890013,2127419,762168
5.000,15188827,1208404784,2216508175,924343,2210495,788364
5.100,15741133,1253273660,2298209859,957124,2293889,817377
5.200,16316757,1298922220,2381290365,992771,2375964,847840
5.300,16899276,1345176726,2465445058,1029860,2459496,876586
5.400,17476973,1392058200,2550947205,1062002,2541282,905865
5.500,18078412,1439623258,2637521624,1098465,2630831,935229
5.600,18677032,1487838944,2725342279,1133400,2716283,966048
5.700,19285164,1536690316,2814214576,1168808,2809408,997987
5.800,19896507,1586142624,2904206035,1208126,2897483,1030211
5.900,20526250,1636234078,2995317511,1247315,2989980,1060793
6.000,21142833,1686753220,3087627395,1284145,3080009,1093802
6.100,21792326,1738070450,3180881922,1319848,3171805,1126802
6.200,22447675,1789892344,3275362499,1359468,3271319,1159908
6.300,23090758,1842271058,3370813237,1400395,3361876,1194113
6.400,23755548,1895158786,3467328497,1438052,3459640,1226253
6.500,24421637,1948790566,3564916228,1478596,3558840,1261343
6.600,25090081,2002574914,3663451462,1520582,3656088,1292679
6.700,25774442,2057022624,3763027445,1560686,3761303,1330786
6.800,26465526,2112213026,3863509678,1601778,3856525,1363892
6.900,27153496,2167734296,3965012160,1643931,3961751,1400720
7.000,27858595,2223883660,4067572297,1686813,4062215,1434881
7.100,28569960,2280446396,4171107180,1730524,4167187,1472095
7.200,29281399,2337462882,4275721503,1773290,4270823,1508224
7.300,29998802,2395252680,4381239066,1817139,4379804,1544033
7.400,30734680,2453596874,4487570002,1860021,4486556,1582001
7.500,31470819,2512234064,4594863412,1908618,4594477,1620159
7.600,32211101,2571232414,4703084735,1952043,4702473,1657409
7.700,32941655,2630991804,4812264453,1997299,4813330,1696091
7.800,33711434,2691196760,4922331960,2043692,4924441,1733456
7.900,34455208,2751778092,5033150449,2088287,5037428,1770672
8.000,35224582,2812867272,5144939560,2133647,5149497,1808982
8.100,35986046,2874229734,5257462906,2179400,5261912,1848283
8.200,36765592,2936287546,5370812482,2223909,5381075,1888909
8.300,37540357,2998640990,5485192191,2275840,5491321,1925439
8.400,38330245,3061777848,5600059179,2319397,5603099,1963326
8.500,39113198,3124838930,5716095797,2366454,5722199,2007219
8.600,39922702,3188526798,5832870856,2414036,5839415,2046179
8.700,40722670,3252679458,5950185399,2459320,5959076,2083294
8.800,41528906,3317191606,6068530480,2511305,6072681,2127361
8.900,42349376,3382322336,6187497463,2558658,6189393,2165133
9.000,43149564,3447600636,6307303970,2604836,6314439,2209308
9.100,43984410,3513238550,6427856288,2657344,6432984,2248677
9.200,44813348,3579410268,6548988028,2707322,6554053,2288073
9.300,45652457,3645847562,6670973421,2755270,6680453,2330740
9.400,46488996,3712674986,6793799996,2803153,6801797,2371754
9.500,47336643,3780111744,6917102330,2858126,6926143,2418088
9.600,48191821,3847728064,7041235900,2906122,7050602,2459700
9.700,49027539,3915768268,7166112398,2957775,7179737,2502273
9.800,49892818,3984264008,7291626959,3010640,7301315,2544371
9.900,50749139,4053215748,7417738159,3057761,7425098,2588222

,Concentration (ionic %)
Distance (nm),Si,Cr,Fe,V,Mn,H
0.000,0.4091744954566089,43.15859935830852,56.30958151559218,0.024313490139956453,0.07524871315467535,0.023082427348059924
0.100,0.4189606250920988,42.76474074386915,56.70169443440889,0.02543189462565307,0.0671604004283943,0.022011901575813442
0.200,0.4191626510365246,42.231655187513404,57.23438919387751,0.026560886894272946,0.06618267019652388,0.02204941048176111
0.300,0.41917487840599243,41.712150738334294,57.751996793466745,0.025924359548132575,0.06809525014064077,0.02265798010419975
0.400,0.4249204307087982,41.1933670457526,58.26610019467573,0.025664253924138063,0.0668970294823342,0.023051045456401426
0.500,0.42575320894470553,40.67794164426173,58.78083026999672,0.025881487990209683,0.06714983047521757,0.022443558331418454
0.600,0.4285945417061369,40.12432514260081,59.33162599067086,0.026074927052874487,0.0666797596087613,0.022699638360555982
0.700,0.4303938498339644,39.61295104587306,59.840737667400646,0.026357746932517648,0.06664377269851654,0.022915917261299445
0.800,0.43151986271310416,39.10896100820469,60.344158460707554,0.026385390649619728,0.06606458114263226,0.02291069658240151
0.900,0.4324006765708013,38.62455305562412,60.8275978654411,0.026446805277380893,0.06606843592450516,0.02293316116209156
1.000,0.43511503115372613,38.1655277318535,61.28409660007157,0.02647434172541254,0.06590243881647088,0.022883856379319122
1.100,0.435878331926958,37.7358054135212,61.713167193352746,0.026439124546529903,0.06557253695804942,0.023137399694513536
1.200,0.4373904511285825,37.33899961956896,62.10830962036604,0.026786279052336798,0.06559826370921401,0.022915766174873314
1.300,0.4373854988669931,36.983091174385066,62.46449892435309,0.026765283592235043,0.06512682603523347,0.0231322927673854
1.400,0.43872430309877186,36.652250197866024,62.7938886201522,0.026850873316858447,0.06498616733286958,0.023299838233265882
1.500,0.43956180999659195,36.369219858665474,63.07653118662223,0.026812044851699957,0.06464253542424242,0.023232564439761023
1.600,0.4401191523936896,36.11062280975917,63.33472343165351,0.02685027098889934,0.06450290395338676,0.023181431251355165
1.700,0.43977785386829016,35.895699943862375,63.550072077274564,0.026945630228017506,0.06436505985687589,0.02313943490987389
1.800,0.43978556034479216,35.69890665702476,63.74687064691038,0.02691632472289209,0.06425767585324897,0.02326313514392616
1.900,0.44083582116839526,35.54459398004801,63.900009208363215,0.027153832047393873,0.06406912847588876,0.02333802989709113
2.000,0.4411167025303585,35.40659204400843,64.037953369016,0.02708007143793286,0.06380951591138992,0.023448297095896343
2.100,0.44069254812168807,35.29871664480685,64.1459606638398,0.027045600905718597,0.06414335937664428,0.023441182949298305
2.200,0.44109049889551366,35.21481150083433,64.22967991188465,0.02711409384874564,0.06397947313674858,0.023324521400005547
2.300,0.4409275621803471,35.143463781527544,64.30135838803321,0.027019657620530862,0.06379051032057127,0.02344010031778951
2.400,0.4407791971691038,35.087977770930785,64.35703056343107,0.02705555212720119,0.06379217033725633,0.023364746004599063
2.500,0.4410628500975875,35.05020618342377,64.39447275861433,0.027078295154309692,0.0638802419329851,0.023299670777025504
2.600,0.44074591545370695,35.02010828127082,64.42490352432127,0.027069650967608466,0.06386533895961165,0.023307289026985704
2.700,0.44061277565096435,35.00035440325243,64.44514056961272,0.027021511802253335,0.06366145696566032,0.023209282715961725
2.800,0.44080945345529154,34.98600617655123,64.45920124666699,0.02696566735705816,0.0637817070074499,0.023235748961974632
2.900,0.4406649493896413,34.975396355624255,64.46998730218219,0.026987172877692513,0.06370881895584524,0.023255400970361266
3.000,0.4410534417109887,34.97248538597383,64.47251343558247,0.026933626612868442,0.06377183751316769,0.02324227260667718
3.100,0.44106690596442616,34.9709617868903,64.4741434240035,0.026945694876636367,0.06360645767084472,0.023275730594293845
3.200,0.4407276728020894,34.971780632495054,64.47358278262732,0.026947938068956064,0.06375183219817468,0.02320914180840634
3.300,0.4409075213406354,34.97728393309744,64.46790623010808,0.02695512638644731,0.06376135986565262,0.023185829201749917
3.400,0.4408460796388961,34.98235565235719,64.46271715514972,0.026991361407212283,0.06389410032885126,0.02319565111812942
3.500,0.441161669939121,34.98810251299623,64.45680182806714,0.02689609604047753,0.06386579994390078,0.023172093013128107
3.600,0.4409447807539731,34.99400983654168,64.45098947583071,0.02694623657278327,0.06395982813484012,0.02314984216600971
3.700,0.4409958452600446,35.00064342680775,64.4442562529812,0.026843808196162004,0.06406185205706696,0.023198814697780297
3.800,0.44096680416783296,35.00962331603909,64.4354335005593,0.02685641637545,0.06398852834677334,0.023131434511563086
3.900,0.4409266079442159,35.01674290728878,64.42828734594474,0.026838862640194045,0.06408734297364473,0.023116933208431095
4.000,0.44109158853392294,35.02164884957445,64.42328028064766,0.026807405442189253,0.06410133063583397,0.023070545165953665
4.100,0.4411517700228542,35.02804844750812,64.41695342804444,0.026749031143214582,0.06401066105203508,0.023086662229330885
4.200,0.4410656464140339,35.03962654606758,64.4053227392694,0.026807962961637115,0.0641063727794711,0.023070732507886674
4.300,0.4413995092020593,35.044829195201146,64.39981764197604,0.026828776167960505,0.06407669072361002,0.02304818672917784
4.400,0.4411030346744011,35.050735857902765,64.39422555963195,0.026805234199138273,0.06411208692103601,0.023018226670710913
4.500,0.4409230609564988,35.05797520290342,64.38706824166992,0.026797467572671728,0.06422374220255747,0.02301228469492943
4.600,0.44078554968973993,35.06296205503964,64.38232936192657,0.02682231136444301,0.06410187099902746,0.02299885098057348
4.700,0.4411389531314846,35.068948325122236,64.37589909371354,0.02682011825761184,0.06417450622065422,0.023019003554470393
4.800,0.441068541233057,35.07547852355336,64.36948566969113,0.02685075503389305,0.06411761526310057,0.022998895225464423
4.900,0.4410961067211098,35.082269488298486,64.36274773997485,0.026817814684511214,0.06410325298429141,0.022965597336740633
5.000,0.44101965151014755,35.08699234791963,64.35807471557172,0.026839032911221142,0.06418347740512968,0.022890774682149315
5.100,0.4407684503869397,35.092994197366124,64.35231810921216,0.02680048903138988,0.06423132946590608,0.02288742453747933
5.200,0.44090454643336163,35.09893003011047,64.34622690688224,0.02682624050031479,0.06420230011159667,0.022909975962016306
5.300,0.44101707569089743,35.10481194507833,64.34023385118599,0.02687605348128687,0.0641849824568496,0.022876092106642973
5.400,0.4407821020798867,35.10873076324735,64.33676308332753,0.026784470856197114,0.06409299951071497,0.02284658097833055
5.500,0.4409489429496022,35.11372314453075,64.33155589713954,0.02679256234547231,0.06416836548083121,0.022811087553808018
5.600,0.4408418505109871,35.11808906978759,64.32740135318026,0.026752117433281306,0.06411357137641224,0.02280203771147568
5.700,0.44078699775875185,35.12301533316428,64.32246020847731,0.026714596218959368,0.06421259978911352,0.022810264591592976
5.800,0.4406384989813571,35.12754801683084,64.31807291576348,0.02675579322643673,0.06416918104991993,0.02281559414796189
5.900,0.44072564297427824,35.13210236078072,64.3134150635206,0.026781497125215853,0.06419881166702307,0.02277662393216557
6.000,0.4403856466176806,35.1335087154193,64.3124214650676,0.026747552051130587,0.06415373734699015,0.022782883497292548
6.100,0.4405727061666069,35.13835107205684,64.3074886256739,0.026683200549064093,0.0641239816384343,0.022780413915152745
6.200,0.44071276943507726,35.14076232460074,64.30483681887257,0.026690287846664103,0.06422545124141309,0.02277234800351937
6.300,0.4404841480513225,35.143549530194655,64.30234108988824,0.02671422906559983,0.06413185248029483,0.022779150319881612
6.400,0.4405402856817839,35.14521294127935,64.30067985049094,0.02666828982035105,0.0641580987294474,0.022740533998127282
6.500,0.44047177598351045,35.148636499098345,64.2972861393197,0.02666814702397365,0.0641876945120901,0.022749744062380794
6.600,0.44036337238797174,35.14777981739447,64.29831136798504,0.0266881807799842,0.06416907308618074,0.02268818836635525
6.700,0.4404022560097126,35.14789589907005,64.2980273328309,0.026667100506880974,0.0642685621180897,0.022738849464370225
6.800,0.44043068871860047,35.15076321406116,64.29527334361381,0.02665626928081091,0.06417903660068953,0.022697447724930517
6.900,0.44030984810378393,35.15108178339625,64.29499545470154,0.02665730441866865,0.0642421138344401,0.022713495545322496
7.000,0.4403477717055592,35.151888105390945,64.29421143583204,0.02666266356339828,0.06420953114968284,0.022680492358377893
7.100,0.44038519184348474,35.151425608969824,64.29458899011537,0.026674771113776658,0.06423416226143389,0.022691275696109993
7.200,0.4403205896166309,35.14972199276507,64.29638874964503,0.026665942373903493,0.06422272725112173,0.022679998348233074
7.300,0.4402374925821496,35.15073815093929,64.29542422456733,0.0266668221295382,0.06427436438832689,0.022658945393355848
7.400,0.4403356444204263,35.15267315816313,64.29339849031919,0.0266485138504948,0.06427887088749028,0.022665322359261872
7.500,0.44035507597083234,35.152406491525774,64.29357389354429,0.026706315599517694,0.06428816702804085,0.022670056331544078
7.600,0.4403527654655831,35.15090353973455,64.29511270900734,0.026686064948780647,0.06428674977850764,0.02265817106523452
7.700,0.44011963891215844,35.15157822997443,64.29464741234695,0.026685074404416392,0.06430888373899428,0.02266076062305193
7.800,0.4403303359880334,35.151740312818106,64.29427136773343,0.026694194765374143,0.06432181912176288,0.022641969573304783
7.900,0.4401376471129393,35.15175803872126,64.29446010566222,0.02667619149698758,0.06434910238884174,0.022618914617748422
8.000,0.44019042975185063,35.151510195255,64.29467795994562,0.026663509871280994,0.06435163084223015,0.02260627433402509
8.100,0.44009032153906186,35.150310423467815,64.29599241831767,0.026652910040803914,0.06435040248629283,0.022603524148365226
8.200,0.44012941072131734,35.15097777643083,64.29523922251423,0.02662292933207315,0.06441809420061052,0.02261256680094238
8.300,0.4400429722702966,35.149662908404004,64.29667877696156,0.02667708775416365,0.0643685198446647,0.022569734765312637
8.400,0.44006901664473363,35.15222944058899,64.29420255609753,0.026628965116156846,0.06432910269926766,0.022540918853324272
8.500,0.4399613650028793,35.14947565926306,64.29700044816946,0.026618849526354852,0.06436565178991784,0.02257802624831941
8.600,0.44008349183069495,35.148372649215595,64.2980070263274,0.026610858961525288,0.06437014567422158,0.02255582799056636
8.700,0.4400505446304906,35.14856385893432,64.29790398032209,0.02657549481457522,0.06439397611439734,0.02251214518413044
8.800,0.4400198317002417,35.147328277551416,64.29915973412321,0.02660855076336409,0.06434313659958334,0.022540469262196744
8.900,0.44008119664893747,35.14801401275215,64.29849846617114,0.02658875716268823,0.06431819628158292,0.0224993709835088
9.000,0.43988949014945533,35.146665352377084,64.2999944931294,0.026555076662256576,0.06437273276480467,0.022522854916983928
9.100,0.44000169747599294,35.14497354035432,64.30159408417062,0.026582961344204573,0.06435288957691834,0.02249482707794019
9.200,0.4400039195342571,35.14476417921655,64.3018325991382,0.026582086467659676,0.06435156348584481,0.022465652157489018
9.300,0.44005592146368544,35.143274072018535,64.30325000553441,0.02655876503495198,0.06439462613611009,0.022466609812310218
9.400,0.44003082837185775,35.14146551078572,64.30514094201139,0.026532595727450387,0.06438083473188402,0.022449288371688372
9.500,0.44006441975893956,35.14175437508978,64.30474216907733,0.02657052718731954,0.06438878862750029,0.02247972025912473
9.600,0.4401251490025221,35.14044193285798,64.30603648800505,0.026540963834288552,0.06439157498961245,0.022463891310550467
9.700,0.43996345727587255,35.13933149041879,64.30727811672483,0.026542489004886496,0.06442954260566701,0.022454903969951853
9.800,0.4400247076507639,35.13881708031927,64.30777313344785,0.026552037726986995,0.06439321584002605,0.022439825015096997
9.900,0.43996647390961086,35.13909941688796,64.30761519323507,0.026509066985911336,0.06437142087264384,0.022438428108805565

,Density (ions/nm^3)
Distance (nm),Si,Cr,Fe,V,Mn,H
0.000,0.15595040953195194,16.449219879266405,21.46150944263991,0.009266703537438288,0.028679860948147614,0.008797503358327489
0.100,0.15293413096793212,15.610508649338678,20.69794592470188,0.00928346119062449,0.024515710689320628,0.008035053503437622
0.200,0.15028297463330087,15.141374713546108,20.520326031210413,0.009522912123728728,0.0237285658006816,0.007905406142259083
0.300,0.14788683366992367,14.716239488665506,20.37517128025314,0.009146233817907086,0.02402431884648177,0.007993840059567667
0.400,0.14758558011551937,14.3074950814151,20.237285799499077,0.008913842521781772,0.02323502517326915,0.00800620932789093
0.500,0.14566346324629628,13.917193653855575,20.11075695904493,0.008854864967350114,0.022974053178991354,0.007678641911420719
0.600,0.14449103625878962,13.527016223678574,20.002326880282375,0.008790576789065613,0.022479585309238083,0.007652673914978003
0.700,0.142905821443433,13.15288615576834,19.869219263797266,0.0087516944729639,0.022128064992668894,0.00760888656196897
0.800,0.14131061689227023,12.807084641105954,19.761014485668866,0.008640473247740666,0.021634292005236377,0.007502608679784578
0.900,0.13966584007909696,12.475768291981604,19.647373411265367,0.008542343887542206,0.021340169213627705,0.007407433412857719
1.000,0.13873654896842927,12.169089155657169,19.540451283416825,0.008441351238672725,0.021013010986444133,0.007296523985249877
1.100,0.13730133699960348,11.88674948150799,19.4395998733594,0.008328303756897706,0.02065529836042596,0.007288262985468328
1.200,0.13615947540406198,11.623615895579723,19.334292356684397,0.008338558133544621,0.020420713691891156,0.007133668997121368
1.300,0.13471471473066082,11.390790481900172,19.239062966618434,0.008243706188598746,0.02005905960160294,0.007124745171700567
1.400,0.13377169445916892,11.175659930574001,19.146522823256838,0.008187116136340374,0.019814971860740282,0.007104367866274312
1.500,0.132807087422759,10.98842085781924,19.0576392241425,0.008100862048571189,0.019530784199343253,0.007019375083176917
1.600,0.1318533714729285,10.818223514151821,18.97417272197931,0.008043955223473936,0.019324142814036917,0.00694482357660496
1.700,0.13073856736749553,10.671188519464549,18.89236874117874,0.008010483160619428,0.019134650915667236,0.006878965239382773
1.800,0.12981877835215547,10.537836774561722,18.817218247608572,0.007945336792131785,0.018968001069606655,0.006866964396597999
1.900,0.12929801848414701,10.425299734633356,18.7419991185427,0.007964272659771473,0.018791602134288078,0.006845090340027028
2.000,0.12862122900098116,10.323887890242167,18.67224754307166,0.007896033067443369,0.018605639531220863,0.006837076839652792
2.100,0.12780809112369365,10.237208713234628,18.603384197631353,0.007843669333157532,0.018602629781537094,0.006798328810415502
2.200,0.1272924112990068,10.16249110013825,18.535767270933466,0.007824739809260725,0.01846356117306881,0.006731123383605917
2.300,0.12667460669523778,10.096407741942151,18.4732141567554,0.007762509753746774,0.018326452004471767,0.006734134455034187
2.400,0.1260900344070095,10.037325610699584,18.41007980910399,0.007739556495699703,0.018248494947996765,0.006683758322879028
2.500,0.12568021289530504,9.987504896824523,18.349110662557333,0.007715920529426979,0.018202581342239132,0.006639207049515005
2.600,0.12512550308353762,9.942028985619086,18.28989942264313,0.0076849349633361244,0.018131041914922534,0.00661681972029827
2.700,0.12463663109861525,9.900589590562907,18.22966934947894,0.0076436054157726415,0.018007987887565944,0.006565235889175146
2.800,0.12425858866065576,9.862110978552689,18.170230493744132,0.007601279287039165,0.017979253468793872,0.0065498626444069645
2.900,0.12381586655375272,9.827214562516733,18.11445942225594,0.0075827228834869035,0.017900590090180548,0.0065341879974535316
3.000,0.12352935408098856,9.795022828927454,18.057330897996103,0.0075435155559364685,0.017861087005690834,0.0065096486070693625
3.100,0.12314559103638859,9.763869608265063,18.00113858271236,0.007523220347293983,0.017758881289177828,0.006498568725238356
3.200,0.12267183282752987,9.734021011557731,17.94553203028387,0.007500670272923997,0.017744640476376604,0.006460016331376955
3.300,0.12234783976032346,9.705879175945778,17.88925949174523,0.007479803188252797,0.01769319928138912,0.006433857393179573
3.400,0.1219600940873522,9.67787076671617,17.833614525523785,0.007467161734693793,0.017676306646792466,0.006417078258020787
3.500,0.12168723323294477,9.650895988911932,17.779354853253903,0.0074188483155957835,0.017616336646958723,0.006391642971550829
3.600,0.12126119687831333,9.62346239611836,17.724224131799954,0.007410299522300078,0.017589153223449398,0.006366279160384617
3.700,0.12091579449872261,9.596758457947299,17.66984548598989,0.007360251644766077,0.0175649948220537,0.006360837955189003
3.800,0.12055791890949381,9.571440046948661,17.616296041871472,0.007342397742844168,0.01749411461056841,0.00632400801998672
3.900,0.12019732174486386,9.545621964862375,17.563257567279337,0.007316318294036236,0.017470315568143668,0.006301714182238365
4.000,0.11988589826119515,9.518662200914955,17.509839285416792,0.007286082902126675,0.017422335412373896,0.00627042796211272
4.100,0.11955447515178862,9.492787363215855,17.457336865197416,0.007249129656626323,0.017347229471160536,0.006256608209214
4.200,0.11918874840212862,9.468724817854943,17.404188855195375,0.007244290228871661,0.017323403893063503,0.0062343820124999465
4.300,0.11892833770170112,9.442292513554687,17.3515445776059,0.007228602854576242,0.017264482978155065,0.006209980930188902
4.400,0.11850203799692881,9.416356964126225,17.29946602993334,0.0072012084068466325,0.017223669671615427,0.00618383134354982
4.500,0.11811196544315979,9.391131293268888,17.247642168339166,0.007178353423024669,0.017203891316556155,0.006164400130851442
4.600,0.11772737458541706,9.364804428896187,17.195578690835774,0.007163847134896157,0.017120672363330536,0.006142656777950144
4.700,0.11748564671496409,9.339683209436771,17.144811366562603,0.0071428263500642845,0.017091175722357528,0.006130500378924698
4.800,0.11712416114015455,9.314166880221824,17.093084877486444,0.007130121206406286,0.017026201598970416,0.006107273719640511
4.900,0.11679600270060786,9.28928816070792,17.042344161086845,0.007100977561556591,0.016973633624485444,0.006080964959092131
5.000,0.11643250639065954,9.26322998712037,16.991015978431815,0.007085706635190552,0.016944920974741564,0.006043336754587166
5.100,0.11602587255862251,9.237719416781397,16.93981012760033,0.0070548382538155935,0.016907961630057127,0.006024781039226922
5.200,0.11573082970390787,9.212942635686856,16.889919345331407,0.007041485727585348,0.016852140720525273,0.006013525031730341
5.300,0.11542366200388024,9.187684949184225,16.839224181185568,0.007034041727664315,0.016798591549359594,0.005987165733096102
5.400,0.11502916956629926,9.162187223952186,16.789711730894254,0.006989837893424045,0.016726097711187403,0.005962182277742013
5.500,0.114738593584369,9.136883699423777,16.739607532239056,0.006971648239992201,0.01669714402449502,0.005935635283636408
5.600,0.11437907718454655,9.11160003441394,16.690132291043298,0.006940998231462315,0.016634652813791378,0.00591612622155259
5.700,0.11403119065753621,9.086291742470303,16.640161259042102,0.006911041456015286,0.016611740469658826,0.005900994457228499
5.800,0.11365838738707694,9.06080714618635,16.590217296830886,0.006901394949394873,0.016551812097544052,0.0058850591678442825
5.900,0.1133476232899294,9.035417764437682,16.540387107755045,0.00688777495859586,0.016510912937551823,0.005857785292130519
6.000,0.11292484439237128,9.009026600022391,16.491160059865095,0.006858677562379726,0.016450469861446812,0.005842046836678154
6.100,0.11263950805992838,8.983685379041152,16.441245183777053,0.006821989971785496,0.01639432866698218,0.005824179711745475
6.200,0.11234377798403097,8.957866153606233,16.392191948826632,0.006803723377516586,0.016371955467590394,0.005804986344193837
6.300,0.11195119196565066,8.931904308508209,16.34275322515369,0.006789551450530007,0.016299422714521273,0.005789432018285369
6.400,0.11163076038362495,8.905625596550648,16.293478753675622,0.00675761460990892,0.01625734939280728,0.005762340435703745
6.500,0.1112834789738291,8.880166140208273,16.244458964896587,0.006737603497946834,0.016216771067034612,0.005747634248240056
6.600,0.11091685506963722,8.852873432422527,16.19518545457484,0.006722105572935341,0.016162633465306064,0.005714604480334822
6.700,0.11059124347193985,8.82613442564819,16.146145253565013,0.006696486597430429,0.016138746120856383,0.005710047128665247
6.800,0.11026524131245825,8.800266392408284,16.096820707727023,0.00667360390641723,0.016067719936967362,0.005682482203608245
6.900,0.10989947282523715,8.77356110445545,16.047758495983533,0.006653550255962066,0.01603455946758591,0.005669192268125113
7.000,0.10957731445040897,8.747289628674611,15.9991431239853,0.0066348083426331335,0.015978071055635364,0.0056438742347170515
7.100,0.10925402046657869,8.720626042931794,15.95067788726387,0.006617674806471749,0.01593568677681245,0.0056294197562316555
7.200,0.1089070218862234,8.693782740647361,15.902795331145795,0.006595440772506161,0.015884576209394447,0.005609574330015018
7.300,0.10855991442648942,8.66796033957021,15.854864407150407,0.006575877741419026,0.015849671178362258,0.00558755947493089
7.400,0.10825714956078197,8.64233509997453,15.806624206628886,0.006551575340403585,0.015803052574642838,0.005572302000941824
7.500,0.10793312491784542,8.61602213315702,15.758660955974278,0.006545845057748523,0.0157573357075063,0.0055565387012575535
7.600,0.10760277542652931,8.589329002229846,15.710887080579552,0.006520896151669219,0.01570884354956751,0.005536656707788675
7.700,0.1072217625644653,8.563612803228684,15.663435142435391,0.006501006678269322,0.01566690339038575,0.005520605036077469
7.800,0.1069495590644945,8.53782449117401,15.61610320970235,0.006483614973591301,0.015622794141273204,0.005499390944262483
7.900,0.1065765973979078,8.51177986908298,15.568504158969866,0.006459474075741602,0.015581735448439257,0.005477029680614558
8.000,0.1062662758488443,8.485918426300648,15.52136421401939,0.006436832115312513,0.01553511319693719,0.0054573757672296596
8.100,0.10591572000719016,8.459559901154037,15.473997034853017,0.006414506339031252,0.015487091804819959,0.005439948159963156
8.200,0.1056027692917853,8.433975340165349,15.426724842240723,0.006387791853125199,0.015456202140490316,0.005425562611372527
8.300,0.10526093292431504,8.408011359947688,15.380153345207338,0.006381320283834092,0.015397338161884893,0.005398816676912803
8.400,0.10494700929639714,8.383051772237792,15.332786490639105,0.006350436281350031,0.015341109425249785,0.005375525044879264
8.500,0.10460034199828767,8.35675008644303,15.286542799726446,0.00632860288548167,0.015302864582493607,0.005367901491089044
8.600,0.10431093381945226,8.331054541542004,15.240256178993793,0.006307447562887283,0.015257354865643032,0.005346302518595886
8.700,0.10398300648148087,8.30553078084992,15.19345776959688,0.0062797328244939615,0.015216159410265512,0.005319571960896233
8.800,0.10365882617642211,8.27992406253708,15.147443233217833,0.006268379149476746,0.015157803198665075,0.005310030177859719
8.900,0.10335783054967979,8.254891379478297,15.101198050883385,0.00624465730022994,0.01510582429595596,0.005284220710395351
9.000,0.10299634013159038,8.229289356048728,15.055290593607165,0.006217642770226169,0.015072321634215805,0.005273532734269196
9.100,0.10270680469111845,8.203668199440624,15.009513151459657,0.006205092013400099,0.015021486732892175,0.005250824768421588
9.200,0.10239214808226531,8.17844509649752,14.963509353328357,0.0061858470188474795,0.014975082096410542,0.005227922480575051
9.300,0.10209012903650545,8.153012400888057,14.917938312695593,0.006161461798877821,0.014939136984287832,0.005212108240976925
9.400,0.10177226862711637,8.127672965885681,14.872776305855565,0.006136575634348118,0.014890283099060996,0.005192170319303901
9.500,0.10146907524697546,8.102907571918685,14.82724444176997,0.00612657306854939,0.014846623687241878,0.005183323904608284
9.600,0.1011723370521455,8.077794789618082,14.782140972395856,0.006101017732835934,0.014801803857225715,0.005163813947747737
9.700,0.10082634254717396,8.052873972008305,14.737286800634603,0.006082737200565328,0.014765306130512058,0.0051459861088386395
9.800,0.1005330367064372,8.028212793360371,14.692483409511846,0.006066379766920924,0.014712004619587944,0.005126856998492134
9.900,0.10021340523174575,8.003811695130777,14.647673136500911,0.006038105241447113,0.014662206481166605,0.005110915085982434

,Bulk Normalized Concentration
Distance (nm),Si,Cr,Fe,V,Mn,H
0.000,0.9446512716806411,1.225816413053632,0.876481890115238,0.908213416518573,1.1810509253060735,0.9898351017417918
0.100,0.9672442727294503,1.2146298045635349,0.8825852896251049,0.9499906337406681,1.05410245231487,0.9439281453064726
0.200,0.9677106851462394,1.1994887890009691,0.8908769035399455,0.9921633501875445,1.0387566856347585,0.9455366256961251
0.300,0.9677389141787067,1.1847335121864646,0.8989336795808109,0.9683863164331186,1.0687751964905918,0.9716336892787447
0.400,0.9810035319630982,1.1699987067329418,0.9069359113267804,0.9586702527966794,1.049968767013121,0.9884893638150893
0.500,0.9829261469557553,1.1553592854763148,0.914947897514097,0.9667848793762216,1.0539365537571876,0.9624387205661292
0.600,0.9894858632532211,1.1396351376966523,0.9235212603651451,0.9740106602484723,1.0465586517504593,0.9734201047105784
0.700,0.9936398824552263,1.1251107840267116,0.9314457938581938,0.9845751990156961,1.0459938264948285,0.982694711947239
0.800,0.9962394811839328,1.110796156829004,0.9392817464006359,0.98560781073084,1.0369032428246399,0.9824708355260041
0.900,0.9982729948560374,1.0970377117516465,0.9468066803783411,0.9879019111903837,1.0369637447722078,0.9834341756976327
1.000,1.0045395597006785,1.0840001993149284,0.9539122717003675,0.9889305159444379,1.034358370808682,0.9813198571324315
1.100,1.0063017737538875,1.0717949684061596,0.9605909326754596,0.987615002862234,1.0291804630569843,0.9921924603213031
1.200,1.0097927668206799,1.06052465235667,0.9667414877314839,1.0005827165867458,1.0295842520653837,0.9826882329645166
1.300,1.009781333653999,1.0504159273253324,0.9722857213413705,0.9997984458612915,1.0221848976081938,0.9919734618746822
1.400,1.0128721986373355,1.0410191835672506,0.977412807982541,1.0029955901532728,1.019977217455076,0.9991582514449231
1.500,1.0148057305775025,1.0329803861933182,0.9818122562508268,1.0015451799983848,1.0145838124832918,0.9962733745108672
1.600,1.0160924535038478,1.0256355577783627,0.9858311251688181,1.002973090613698,1.012392255034104,0.9940806491105054
1.700,1.015304505844301,1.0195311896924208,0.989183115769129,1.0065351682857058,1.0102287509566656,0.9922797357006601
1.800,1.0153222976004066,1.0139417487798097,0.9922463667762175,1.0054404816413964,1.008543327093191,0.9975843265875846
1.900,1.0177470093887253,1.0095588676160834,0.9946300317259302,1.014312401608142,1.0055840199481294,1.0007960102853655
2.000,1.0183954734027736,1.005639253894932,0.996777189552451,1.0115571256384042,1.0015093235623962,1.0055245573442306
2.100,1.0174162383673828,1.0025753121342607,0.9984583676994985,1.0102695030202067,1.0067490960052228,1.0052194840555557
2.200,1.018334977704108,1.00019218793305,0.9997614923683447,1.012828008995117,1.0041768527447186,1.000216730455499
2.300,1.017958809646483,0.9981657272355166,1.0008771974502209,1.009300409749745,1.0012110251639077,1.005173057973346
2.400,1.0176162829296418,0.9965897802980429,1.0017437578508879,1.0106412239376568,1.0012370796193224,1.0019416671348162
2.500,1.0182711455923525,0.9955169690251655,1.0023265610811907,1.0114907738061985,1.0026193894990254,0.9991510704815767
2.600,1.0175394462374177,0.9946621103641775,1.0028002285162272,1.0111678762587153,1.002385482901097,0.9994777610462535
2.700,1.0172320695915888,0.9941010488780211,1.003115226483358,1.0093696714109595,0.9991854943894727,0.9952749930539213
2.800,1.0176861348865476,0.9936935219413258,1.00333408672826,1.0072836412247401,1.0010728545471372,0.9964099351863012
2.900,1.0173525218415136,0.9933921754466477,1.003501976136606,1.0080869649045947,0.9999288549067117,0.99725266491431
3.000,1.018249424677526,0.9933094963414765,1.003541296446183,1.0060867816385255,1.0009179499000593,0.9966896862029729
3.100,1.01828050927413,0.9932662221668906,1.0035666678890829,1.0065375831896406,0.9983222641053928,0.9981244525764237
3.200,1.0174973298683854,0.9932894795106643,1.003557941274538,1.0066213760695955,1.0006039605334243,0.9952689505679073
3.300,1.0179125418440431,0.9934457875536655,1.0034695833903646,1.0068898906411425,1.0007535001071803,0.9942692447729461
3.400,1.0177706928717178,0.9935898375646355,1.003388813295737,1.008243424494865,1.0028369011424119,0.9946904343407591
3.500,1.0184992885729354,0.9937530633458146,1.00329673878688,1.0046848533600743,1.002392718186571,0.9936802009320627
3.600,1.017998561751399,0.9939208466906612,1.0032062671240283,1.0065578178702834,1.0038685185990708,0.9927260261743922
3.700,1.0181164531428073,0.9941092578983122,1.0031014617297977,1.0027316775118174,1.0054698143913547,0.9948260969441056
3.800,1.018049406674874,0.9943643100958081,1.0029641319448723,1.0032026472295055,1.0043189769582792,0.9919366576111448
3.900,1.017956606624582,0.994566524994759,1.0028528990971928,1.0025469397281266,1.0058699019057977,0.9913148036507878
4.000,1.0183374933259768,0.9947058665087256,1.0027749620581063,1.0013718781014505,1.0060894424225573,0.9893255625691254
4.100,1.01847643287544,0.9948876317258706,1.0026764819845757,0.9991913469969697,1.0046663563476808,0.9900167045719663
4.200,1.0182776013805712,0.9952164798223603,1.002495445510737,1.001392703850432,1.0061685803660314,0.9893335962831938
4.300,1.019048382332896,0.9953642485821002,1.0024097563979597,1.002170166613485,1.0057027116744615,0.988366774084402
4.400,1.018363918753951,0.995532013157264,1.0023227133269457,1.001290772836099,1.0062582655167756,0.9870820080988483
4.500,1.0179484177797375,0.9957376293740435,1.0022113067171528,1.0010006559373157,1.008010728356707,0.98682720057304
4.600,1.0176309488405526,0.995879268938092,1.002137544096961,1.001928678400318,1.0060979235835354,0.9862511276230082
4.700,1.0184468428280014,0.9960492945698158,1.0020374543167567,1.0018467564287517,1.0072379549822887,0.9871153229146391
4.800,1.0182842845793088,0.996234769180586,1.001937626723335,1.002991171775841,1.0063450344891212,0.9862530249601238
4.900,1.0183479243555722,0.996427650232539,1.0018327480647795,1.0017607080669626,1.0061196142531341,0.9848251240476372
5.000,1.018171414057242,0.9965617917229077,1.0017600105101543,1.0025533000832367,1.0073787603898714,0.9816165321260336
5.100,1.0175914720933104,0.996732259849065,1.0016704065548971,1.0011135204141755,1.0081298127107479,0.9814728691247269
5.200,1.0179056737474963,0.9969008529292703,1.0015755944751852,1.0020754485223176,1.0076741883640867,0.9824399334314562
5.300,1.0181654673255733,0.9970679146044635,1.0014823100883572,1.003936177581585,1.0074023826240854,0.9809869047302227
5.400,1.0176229894269815,0.9971792192274768,1.0014282861533383,1.000515172684809,1.0059586829368714,0.9797213900486355
5.500,1.018008170911886,0.997321015833678,1.0013472341499423,1.0008174246065629,1.0071415742450511,0.9781993387953741
5.600,1.0177609291862935,0.9974450194602453,1.0012825669575394,0.9993066332035049,1.006281564485252,0.9778112577902572
5.700,1.0176342919624939,0.9975849381460221,1.0012056559997236,0.9979050544891741,1.0078358448649314,0.9781640480144016
5.800,1.0172914564229707,0.9977136781449161,1.0011373659768392,0.9994439398855519,1.007154374844377,0.9783925933875167
5.900,1.0174926436539597,0.9978430333521622,1.001064864583154,1.0004040910441745,1.007619436189348,0.9767214481939894
6.000,1.0167077022800641,0.9978829774797331,1.0010493988129128,0.9991360965468196,1.0069119813352962,0.9769898747849581
6.100,1.0171395621411634,0.9980205129960011,1.0009726171306652,0.996732291201989,1.0064449566427838,0.9768839726174022
6.200,1.0174629228250414,0.9980889988363268,1.000931340662702,0.996997032246164,1.0080375522296636,0.9765380851445696
6.300,1.0169351101600406,0.9981681627205672,1.0008924936104149,0.997891339732258,1.0065684918458804,0.9768297863338323
6.400,1.0170647137511573,0.9982154079194288,1.000866635733164,0.996175311361197,1.006980434529654,0.9751738170461914
6.500,1.016906547066002,0.9983126458610664,1.0008138112173033,0.9961699773024073,1.0074449491374116,0.9755687687880492
6.600,1.0166562783040984,0.9982883138737223,1.0008297693248618,0.9969183242442617,1.0071526803213913,0.9729290988902752
6.700,1.0167460479821524,0.9982916108950644,1.0008253482003913,0.9961308853884653,1.0087141902564831,0.9751015798149132
6.800,1.016811689890205,0.9983730500944304,1.0007824812209292,0.9957262925152268,1.0073090606438793,0.9733261645021023
6.900,1.0165327080823832,0.9983820982916718,1.0007781557652515,0.995764959365808,1.0082990765812112,0.9740143371838963
7.000,1.0166202613855375,0.9984049999323643,1.0007659521877763,0.9959651464683792,1.0077876816567235,0.9725990738576213
7.100,1.016706652353866,0.9983918638317396,1.0007718289761127,0.9964174155433463,1.0081742742787807,0.9730614916978346
7.200,1.0165575067535695,0.9983434767029549,1.0007998429764275,0.9960876241412233,1.0079947983921658,0.9725778894052851
